Quadrupole: ( 0 , 0 , -0.0002 ), 1.00221

Octupole : ( 0.0104 , -0.0106 , 0.0226 ), 0.917644
